6281 1783
4378 5273
2381 8987
2245 7087
2685 326
7622 3962
6088 290
9577 7517
1584 5543
4502 8306
6013 7122
5711 1876
8573 3833
291 9519
9172 6284
6128 6356
2973 8303
7204 357
2521 8855
1545 4602
4596 6027
656 8838
2160 6722
5455 7449
9423 2435
2336 5514
1614 3145
4190 2733
807 8835
9510 8963
3698 947
8116 1922
8224 7147
5097 3909
3694 7149
7502 6771
5475 140
8802 3763
1671 9113
6257 8737
4750 7347
3305 7165
3216 5703
5580 7607
4934 9060
9538 3890
664 1118
9077 6565
2325 9289
4392 3323
5615 3998
6894 8367
2184 4020
318 3518
8362 3039
5479 3361
5690 1772
6824 7920
5558 7749
3033 4505
4119 6985
6332 1366
6862 4613
7454 8410
8864 7172
5838 1248
4013 8927
9036 4122
4499 2472
9281 8251
7540 2404
7487 5921
5427 1908
4113 7392
8080 5631
789 7109
1256 1384
9319 443
4129 1030
5990 8665
6962 996
208 2254
7169 3204
6694 7410
5213 3725
7942 412
4914 990
9481 8587
6529 7361
3276 7028
5421 4359
5258 4485
7377 4567
4826 9131
5840 9524
2178 4538
501 3334
7281 1465
8289 195
8287 805
3562 4274
2979 1337
5434 3061
2564 3639
5687 1240
6940 5087
6830 5686
6400 9243
1076 3810
7689 4494
2695 1933
8801 8990
6414 1603
7039 7225
4747 2815
281 3586
4028 401
609 9399
8160 5627
4370 9426
7306 2723
6742 940
5636 2262
3106 6996
7474 2031
7290 6704
1065 2176
162 4858
3742 6406
1381 6296
4124 135
3143 5190
8953 378
5613 4764
9592 6856
9328 9445
2763 7127
5747 5022
7173 2086
7590 7842
949 3265
4481 7895
6447 1236
1987 6151
953 6489
9212 9013
1089 1929
6637 298
614 856
2080 3008
5683 4902
7551 8849
7009 2007
7503 5823
9280 5195
3286 997
7495 250
3136 7673
1048 1598
2282 9079
4170 7209
5962 1735
247 3216
2165 2755
3795 1568
6954 9311
9259 151
3362 4014
6550 2398
1326 3520
7015 4922
2730 9208
7450 3112
6626 7205
3481 6036
8611 8132
901 4701
4027 5212
7646 7758
4338 5267
2100 5749
8810 7486
1008 695
660 3840
9511 2380
9221 392
6334 6621
6780 1007
5572 4606
400 5355
299 5599
1923 7897
3208 573
4529 7735
2465 5218
7359 8209
2401 6875
2119 1838
5040 620
4436 3226
4389 1574
4648 281
593 8259
2939 7488
6207 7927
4730 1892
1425 2038
1897 8336
8205 2805
6880 729
5087 5861
4416 4525
8609 445
3258 7358
4422 5430
7926 2392
4920 2776
4556 4807
8964 9434
8437 7542
5201 2495
6581 7389
6920 612
4516 6154
5761 6274
2638 2795
354 1692
7855 9043
3246 1361
1984 5637
7664 1820
5660 5619
9258 1121
3919 1159
6998 538
6596 7121
7371 461
505 2449
4965 1152
4842 4160
6350 9000
2683 4720
2911 1050
4328 8371
5397 840
7878 7158
3954 8103
1617 3637
6173 9479
9401 6624
2561 6413
3260 6330
5982 7611
5394 6537
1771 687
9417 8771
737 3312
6589 2271
2969 3382
1398 3051
8325 7283
7374 1723
3085 1098
8012 5868
921 7533
2670 8085
2199 4589
3232 1284
8827 1382
3190 7305
5999 5940
3979 4837
1143 4550
531 9193
9410 3528
2105 795
6612 2194
7832 6732
7236 7139
5565 4182
6220 2268
5340 5269
6202 7207
6147 364
7572 2548
4748 1459
5094 7134
2548 2633
5939 1491
744 7742
263 9495
2543 4856
3273 7299
5922 118
5443 7922
9639 3515
4877 3602
3651 5899
4746 1912
1706 8013
8050 391
4203 2992
671 6805
4106 3202
4996 70
7919 6079
6080 3738
4043 1870
3542 7512
2391 802
3667 5518
7525 3013
407 1500
6094 1732
6482 7056
3464 6616
1904 1608
5967 4843
3660 1727
9057 7296
1183 6969
40 8765
4241 8172
708 5230
1723 3625
9110 258
4077 8383
4700 4352
3691 4072
3589 2784
3289 2521
1510 7179
768 6423
7453 1180
4174 9338
6437 3910
4511 8166
7429 370
1239 4281
3078 6745
1805 9308
5831 9286
511 5226
6648 7267
2960 2430
9489 7204
3905 8620
8614 4279
6821 5879
4503 6523
1416 2685
2746 3694
2819 1087
8168 6719
1288 1060
6707 7359
434 7251
2048 8624
1867 8724
3952 6393
925 2274
3002 2433
3268 6686
6393 7622
4818 1523
2987 5181
4607 5242
8759 8720
623 5647
3577 565
2830 7532
3615 447
6730 3671
1369 2856
3540 5908
5983 8926
6362 7219
5818 1770
8884 4838
7076 4784
6619 2166
3780 1982
8364 3746
4535 6598
9378 8509
9237 2161
5519 5051
8358 8446
9520 5203
3833 6114
4385 8018
9503 8680
7953 4706
5527 545
3384 219
2998 7154
1034 7664
2016 665
5374 2482
2924 221
5942 1340
9542 3844
7812 4932
1883 5839
8683 7148
3375 748
3810 1292
2172 1420
9390 714
617 4937
2983 6474
154 8907
2551 7498
2783 8124
8919 7024
3723 254
7772 2819
9468 7974
5501 1961
5643 1209
2455 2039
7274 5875
7617 3430
696 8293
5909 7784
6340 6387
3939 61
6073 6757
5399 4002
6458 680
2697 6091
7776 7845
210 5224
8489 1486
8585 8642
9501 5634
378 717
8478 7843
3252 18
8169 3915
3811 4713
6324 7351
3557 7440
2893 2507
3650 5582
8894 5447
7713 2115
9546 8753
1988 2191
7928 8119
1653 4958
919 9474
7221 7980
4918 1799
5520 5531
6342 4287
4571 4463
8796 1746
7593 4999
5393 9264
2429 6460
6676 6174
8297 5346
22 6529
5226 5474
5673 1850
1494 3609
1038 5525
8076 3972
7637 7948
376 7612
1970 1615
2524 5951
6673 9521
9433 5909
7587 8317
7366 5606
9388 6004
2267 6338
2496 8670
5626 3162
5598 6352
8457 1896
5395 7943
7424 5053
9171 2354
7017 8860
1383 6832
7363 3617
8023 8553
2432 4204
6975 6921
2942 4717
7853 6809
9265 1818
9684 3664
9312 1306
3594 1035
8244 7446
9061 2132
6452 7983
3470 5961
7211 6015
3790 8892
6208 5017
9354 7398
5366 5425
791 4661
260 6514
8636 8080
7834 501
8122 7451
4213 8370
3048 6541
9271 1320
4262 9427
8267 1992
5821 7524
7326 1717
145 6370
6221 1888
4528 9152
3162 7384
4917 9402
8829 3056
8776 7076
6253 8255
7828 1021
3934 2863
3353 8992
1477 6262
3324 420
3819 305
9309 1238
9012 106
8844 1359
8728 4297
2413 1329
2173 8090
4406 2654
6386 5168
3584 8582
4269 9002
2396 9075
1162 9374
514 3931
1452 3289
6791 8560
1336 5130
4733 3420
8760 1065
7568 3640
151 4032
227 6096
3177 7605
5766 7064
4349 8529
8299 8232
1914 5328
2643 3765
3275 3344
6317 1184
7125 7297
8190 762
3987 5384
5932 6110
2868 9138
4991 4710
5835 1856
8685 6400
5308 6167
1342 9239
969 928
4461 3710
9372 5344
3718 2432
9290 3707
5442 8544
678 534
8359 5011
4777 1344
9476 5800
1885 155
2541 9176
4611 289
7128 930
9424 3538
5255 3362
1029 7830
9045 3042
9058 3948
5549 8763
2369 1632
1631 6588
2339 4069
4001 2157
310 4527
7343 7153
2027 5608
1152 785
4130 7319
938 5120
4970 306
8846 3242
2880 8839
3210 5941
2441 6743
6786 9141
8310 7591
7196 9440
8862 8874
8872 4781
2518 5988
5899 8524
5055 365
7376 2830
2108 7829
7641 5427
9431 2487
9082 2311
3776 2386
7838 5114
5707 1690
7489 3543
1154 128
8139 3598
9627 2422
2490 245
8135 6205
8216 7282
4393 5830
4229 6515
5452 6792
3408 5167
8518 5744
9677 8742
5051 4172
2449 2126
8863 1753
850 3782
8403 3533
4062 2920
2382 3021
7981 8036
6956 4933
1286 3135
141 8597
3836 1722
6273 7262
5696 5745
5096 4074
4356 6847
8127 252
8202 5393
4228 6335
2778 8610
3960 1339
2292 9195
5446 549
3835 1274
2593 6431
44 6842
3659 6519
2722 3425
9645 6701
79 4050
3440 8801
4432 8219
1930 3230
8105 261
4739 5911
9403 1276
6916 6121
8143 4697
7415 7653
6615 5857
5313 8592
4687 8611
3969 2885
3255 6561
5027 3057
6297 7132
2138 7314
3038 1217
6678 6132
1010 6647
4856 7597
2168 2800
3946 7434
8438 582
3018 7013
8445 4446
2714 3102
4205 2821
8375 5240
3759 1712
5031 1864
8409 8181
5282 7793
7873 169
902 5102
4368 6214
4345 110
8213 4170
3333 1412
4843 7465
2240 5422
2838 9457
1276 4183
5873 1129
5145 5575
963 5874
3652 834
2708 7935
8743 2899
6248 3820
1911 6115
8579 39
7521 455
2234 8639
6771 4585
3637 8736
9696 8058
4122 3442
1734 5000
9658 8540
5453 3978
3761 9497
1495 7886
2293 3828
8204 3125
352 2184
2829 8464
2907 3542
4309 3419
1397 6991
8319 8118
9262 3355
7248 2721
7766 2630
9037 3315
5893 1588
5878 3643
4821 8482
3151 8074
189 1451
3281 5566
1408 6302
5516 1394
1140 4235
2550 8946
9700 5204
4640 1169
5487 3464
2995 4231
8294 3192
3935 350
8847 7186
3047 9506
8425 3928
8496 8567
6666 5780
9344 78
4549 1150
348 6666
8324 6072
6419 4786
8826 2810
3921 6663
4845 2509
1836 5519
2370 6965
331 745
4375 8638
1967 8051
8332 2867
6133 1844
6008 6165
4940 686
3957 6564
2072 5808
7351 2846
6427 2544
5216 1261
5737 5071
8838 5272
702 156
8228 6896
604 552
9556 9328
1625 7652
2222 5172
7033 7726
4317 6082
2805 1898
5263 1662
2955 2847
2527 1938
3715 6299
2312 9432
5275 4690
3088 7408
5312 1106
7711 3385
3513 7105
7311 5751
5106 1845
4619 1472
7273 890
574 4262
8429 5188
1796 4271
8507 6731
9078 7912
2990 8558
8454 5155
1618 5325
8038 2887
560 3495
6172 6729
304 7031
547 5731
6106 8076
8117 8733
1969 2639
7954 1353
6829 9337
6925 6653
7397 4795
6708 3690
464 1303
8711 4163
2189 9032
7948 262
8961 214
3843 2106
1544 7824
9365 7090
9466 1492
5253 630
7237 3177
6197 6478
8341 9150
2779 3480
9575 8609
7801 363
3868 9502
3701 9359
4561 9441
185 6071
5407 8914
713 8070
6715 7268
5411 3525
4767 8671
7810 6587
910 275
7751 53
3487 7308
8004 2499
3796 6811
526 2090
5722 7873
4813 7950
5079 9061
5787 6785
1523 2973
6762 1204
5357 6907
5251 4689
7418 7811
8452 4878
1945 6021
1806 1133
5007 8615
4302 186
7824 8869
1940 5182
261 308
7945 1726
4788 4135
5405 7976
6327 356
5072 86
3818 4022
6193 6554
860 6571
4854 6176
7720 492
7384 6101
4264 7443
2978 4474
3875 1285
115 2497
7465 4286
2352 9233
5513 3114
2033 3434
4505 8707
7960 3776
8879 6047
591 8546
3184 4665
886 4089
8182 5007
6146 1097
7392 7382
3988 152
4614 1624
6201 1242
245 1041
7794 7082
525 744
1095 8940
6746 3107
6127 5128
8066 8888
3732 1341
2038 5208
3168 842
9026 8523
6158 9177
7752 7834
5874 6862
3511 627
2217 5284
6204 1364
2653 7849
6453 5867
6320 2970
4116 2916
4830 5541
5319 255
3381 4994
6947 5025
7992 9121
6891 1719
8313 2052
3882 4282
4972 1709
6243 6333
3605 2316
6247 4199
6977 226
1603 5573
7280 2894
8519 5078
3760 4327
7998 7554
2482 808
7296 4501
5089 7839
64 4095
2318 2557
2363 1517
4110 4000
5543 5238
510 229
5057 5080
8874 4066
3529 8683
2435 8974
651 2778
2264 9352
7631 7348
4779 6416
7081 8174
7890 8071
9277 1331
9671 4389
5352 9215
2885 1594
4518 6363
3348 6012
7302 2164
1490 1708
9541 7716
193 4607
223 9449
3693 7131
3924 6739
8192 3329
8495 1185
5063 3751
3558 915
6026 3390
8181 3794
302 7667
8542 6779
6573 8715
5260 3153
1470 789
2598 7146
1652 3100
6225 4777
9554 957
6854 1172
2785 4294
2375 9517
8408 1283
1054 6560
6006 733
1973 9305
9256 1153
8666 8850
958 1668
1352 1410
9042 553
7394 4653
207 8900
4473 7110
421 4982
9218 5271
9337 422
6664 8226
9707 119
7475 4853
5115 4178
4673 8287
4410 968
4975 7522
2003 4651
1075 2811
9163 6520
7434 3469
6336 5580
8706 580
9151 6590
2233 8105
2758 7046
8637 5099
3093 5262
7217 3018
9586 6636
1144 372
3763 3445
5386 4770
6754 5484
3514 4507
5298 2529
9244 440
9224 3461
7833 1239
7603 792
2279 4857
153 4584
6653 9377
2440 2729
6899 8455
5444 6204
5911 5715
4021 454
8656 1481
8381 6505
7895 1104
4497 2827
8339 1047
4613 4384
1203 2140
7425 4763
1160 7820
8268 611
9192 3953
7183 1842
1431 7637
8124 2223
9580 3264
8596 3000
8145 5356
5384 984
8271 6425
5502 8149
8442 3473
6964 8471
413 6657
546 6853
8976 6877
5546 2532
8671 3599
1786 8454
7856 377
8209 3584
5304 6287
8371 432
5325 7602
4756 7875
1578 8249
6475 5933
8282 9186
3861 7537
9133 5722
5692 5991
7567 1567
1328 4473
7038 3743
932 3513
2525 9487
9515 8792
3482 5545
8603 1669
9302 7259
9462 7339
1070 5052
7494 1730
7350 203
1549 8575
7595 4333
7681 4923
5276 8966
3011 7184
7322 2336
2226 2116
7639 700
3257 3083
3920 6117
160 8343
8132 5034
9444 7595
6669 632
7175 4168
628 6401
1609 6104
323 1157
2795 4119
916 3712
4693 20
7314 3622
8648 1309
4926 1445
7251 5109
6137 5086
4508 5
2300 3424
9255 6240
9100 3981
2489 2371
5020 1521
3804 5245
1060 8220
5957 6662
4588 3899
4836 3244
2611 3983
5712 8297
9257 1347
5754 8346
524 7767
2985 5643
4018 2590
1588 6684
457 3657
4688 8415
2129 4329
3112 8800
6590 2580
3032 9406
3277 157
5730 2572
5790 1974
7712 4263
7292 1241
4055 7701
2842 6195
6645 5870
4654 5812
5582 6248
5859 1636
6865 1073
2720 116
100 5264
8240 4924
3415 7576
9152 1985
3603 1258
6379 2178
2784 8590
9535 7052
7721 8466
9548 6720
855 5789
1283 4205
8731 8163
9617 8619
1063 5023
3647 8478
9052 2396
8654 4509
8795 6391
2726 6108
9296 6291
2759 4344
7416 956
7303 1923
7744 4737
7647 1262
3079 2299
2301 9174
2239 6556
5960 1559
332 6642
4791 6608
2387 4081
6330 757
2910 1085
6606 7511
9536 3539
861 9330
2774 7550
883 2742
2008 4851
715 1748
9156 2762
1271 7527
4186 9004
7815 4460
4732 489
5689 5871
3494 6595
7218 8497
4266 3976
4657 3238
5775 771
275 5726
7612 4298
4396 8505
836 2669
7623 764
8789 3872
2082 647
2146 5096
8350 1859
5789 7760
4353 3659
8073 9266
6990 7646
2260 8047
1105 5476
2402 1151
4447 6448
7864 1395
7130 8186
7851 5842
8386 2901
5865 9450
7027 485
6939 2403
5898 2068
3180 2503
5824 7247
3312 4794
2436 294
7505 7054
8918 7193
8814 465
2702 3675
2818 3206
6756 5251
6411 567
3114 71
4086 9316
9366 112
5296 967
3886 3168
6834 8901
200 5883
3043 8970
6881 711
637 9382
2533 277
9598 4165
8200 4533
2305 367
9334 2102
598 6219
3095 519
3877 3509
5024 9436
1179 7565
5876 4750
4189 8629
8762 4439
793 1986
9402 1784
2350 3078
3750 488
4100 5716
2122 1053
3573 5777
6672 6380
8193 2287
8539 103
5616 2540
221 7278
9177 3677
3072 8759
8357 4123
3130 1737
7826 774
6254 8397
3504 2134
414 637
8871 3777
4372 2437
1916 2239
7020 2303
3050 2253
8934 5880
4968 2592
9326 1612
8977 3567
2056 4276
7932 959
802 2886
3455 806
7565 1264
1594 3386
2660 5257
488 475
2044 3258
4839 6800
6777 6429
3829 8593
427 1918
9485 3479
7459 897
8383 6232
1558 8020
788 8214
639 6651
4215 8655
2141 4870
4331 1713
4417 1552
234 7353
9041 8513
8503 8165
9261 3053
7740 1561
7267 2306
3730 1957
7839 6976
6931 234
986 6106
8477 648
5215 1530
425 1617
1655 7080
257 3937
1284 7704
3335 6172
3708 1314
5277 6483
9341 1540
9490 3350
2128 404
3904 6152
2817 7232
2809 7996
8719 7192
9647 4724
8608 5026
6717 5500
8616 2072
168 7905
173 2570
3261 5994
9059 7164
9568 4687
679 198
6019 6902
2581 4609
265 3893
995 8033
2111 706
9347 96
1645 4535
4942 6308
7656 2298
2469 2310
3864 2560
808 4798
7181 7445
516 728
1114 2276
9479 895
4329 473
8210 5329
2415 1740
1078 4248
4754 4208
3712 4548
3406 8865
6685 2753
373 6211
5363 6236
6868 8641
2715 3562
