0 819
1 268
1 592
2 91
2 692
3 1049
4 635
5 276
5 409
5 644
5 645
5 1057
6 874
7 228
7 247
8 418
8 534
8 988
9 264
10 215
11 337
12 218
13 208
13 324
13 411
13 458
13 708
13 840
13 965
14 670
15 202
15 704
15 1089
16 1098
17 657
18 386
19 81
19 255
20 399
21 64
21 71
21 80
21 107
21 252
21 268
21 298
21 341
21 357
21 406
21 630
21 634
21 689
21 718
21 748
21 787
21 814
21 875
21 938
21 963
21 998
21 1010
21 1040
21 1051
21 1059
21 1079
22 312
22 399
23 228
23 371
23 449
23 668
23 732
23 846
23 876
23 934
24 25
24 904
25 24
25 217
25 479
25 678
25 904
25 941
25 959
25 1032
25 1087
26 278
27 524
28 961
28 1023
29 59
29 349
29 417
29 571
29 576
29 710
29 776
29 784
29 860
30 1077
31 408
31 1084
32 202
32 572
33 462
34 323
34 443
34 451
34 683
35 68
36 635
36 1098
37 274
38 517
39 215
39 765
39 865
39 1011
40 209
40 337
40 558
40 779
40 1105
41 90
41 520
41 651
41 794
41 822
41 887
42 585
43 938
44 337
44 387
44 427
44 675
44 854
45 332
46 783
47 274
48 836
49 339
49 563
49 582
50 67
50 479
50 666
51 877
52 84
53 90
54 733
55 81
55 97
55 108
55 613
55 643
55 1030
56 278
57 136
57 166
57 258
57 702
57 723
57 783
57 952
57 1052
57 1095
58 948
59 29
59 349
59 576
59 635
59 665
59 710
59 927
60 82
60 412
60 614
60 694
60 852
60 961
60 1023
61 873
62 173
62 770
63 122
64 21
64 140
64 352
64 548
64 567
64 594
64 621
64 827
64 914
64 982
65 224
66 1096
67 50
68 35
68 278
69 386
70 337
70 387
71 21
72 325
72 954
72 1072
73 417
74 708
75 159
75 424
76 77
76 441
76 584
77 76
78 412
78 515
79 732
79 754
80 21
81 19
81 55
81 828
82 60
82 423
82 961
82 1090
83 1006
84 52
84 159
84 165
84 354
84 385
84 590
84 599
84 770
84 896
84 908
85 595
86 684
87 1024
88 717
88 1051
89 292
89 850
90 41
90 53
90 224
90 822
91 2
91 241
91 284
91 464
91 477
91 692
91 695
91 991
92 894
92 1060
93 595
94 664
94 963
95 430
95 582
96 429
97 55
97 108
97 293
97 463
97 613
97 839
97 1030
97 1062
98 486
99 847
100 843
101 401
101 521
102 489
102 622
103 376
104 122
105 327
105 395
105 565
105 1017
106 582
107 21
107 154
108 55
108 97
108 296
108 724
108 1043
109 582
109 585
109 722
110 189
110 613
110 760
110 812
111 135
112 632
113 520
113 891
114 129
114 353
114 795
115 992
116 202
117 352
117 408
117 803
117 837
117 953
117 1031
117 1074
117 1084
118 803
118 953
118 1036
118 1091
119 291
120 165
121 269
121 657
121 834
122 63
122 104
122 152
122 511
122 522
122 857
122 996
123 180
124 657
124 957
125 812
126 407
127 389
127 417
127 702
128 323
128 587
128 1107
129 114
129 490
129 989
130 204
130 237
130 466
130 659
130 958
130 1087
130 1096
131 262
132 149
132 336
132 403
132 435
132 688
133 662
134 331
134 558
135 111
135 1049
136 57
137 337
137 907
138 702
139 412
139 689
140 64
140 214
140 253
140 347
140 514
140 862
140 882
140 950
140 965
141 222
141 233
141 551
141 887
141 972
142 770
143 876
144 657
145 167
145 761
145 866
146 416
147 229
147 236
147 987
147 1034
148 537
148 635
149 132
150 632
151 561
152 122
152 202
152 533
152 655
153 172
153 399
154 107
154 469
155 486
155 831
156 582
156 592
156 741
156 1058
157 535
158 755
158 953
159 75
159 84
159 250
159 287
159 402
159 640
159 790
160 572
160 856
161 283
161 472
161 480
161 961
162 278
163 417
163 1112
164 595
165 84
165 120
165 257
165 301
165 333
165 697
165 945
165 983
165 1047
166 57
167 145
167 274
167 278
167 366
167 487
167 667
167 679
167 920
167 934
167 965
168 356
168 534
169 494
170 445
171 935
171 1036
172 153
173 62
173 239
173 412
173 644
173 761
173 895
174 635
175 523
175 809
176 258
177 317
178 721
179 948
180 123
180 219
180 382
180 727
180 910
180 916
180 961
180 1005
180 1035
180 1090
181 323
182 276
183 575
184 429
185 701
186 508
187 657
188 411
189 110
189 578
190 191
190 244
190 426
190 475
190 734
190 1064
191 190
191 582
192 253
193 657
194 429
195 746
195 790
196 319
196 473
196 501
196 508
196 610
196 635
196 789
196 879
196 1040
196 1041
196 1059
197 1087
198 200
198 245
199 411
200 198
200 554
201 228
202 15
202 32
202 116
202 152
202 228
202 255
202 266
202 456
202 704
202 753
202 811
202 924
202 955
202 1021
202 1049
202 1056
202 1108
203 411
204 130
204 259
204 832
204 1108
205 291
205 671
206 324
207 796
208 13
208 411
208 965
209 40
209 377
209 442
209 461
209 558
209 687
209 705
209 714
209 779
209 960
209 1068
210 249
210 328
210 335
210 709
210 818
210 1052
211 836
212 374
213 323
214 140
214 256
215 10
215 39
215 405
215 591
215 715
216 761
216 943
217 25
217 904
217 941
218 12
218 323
218 519
218 582
218 655
218 689
218 906
218 1031
219 180
219 847
220 480
221 764
222 141
222 551
222 951
223 445
223 798
223 897
224 65
224 90
224 323
224 698
224 725
224 822
224 1049
224 1051
225 1078
226 613
226 812
226 1067
227 582
228 7
228 23
228 201
228 202
228 294
228 543
228 603
228 633
228 825
228 855
228 933
228 1104
229 147
229 253
229 426
229 1075
229 1087
230 702
230 923
231 549
231 554
232 582
233 141
233 316
234 345
235 1000
236 147
236 412
236 429
236 521
236 643
236 1022
237 130
238 254
238 613
239 173
240 368
240 388
240 429
240 484
240 793
240 1011
241 91
242 342
242 462
242 597
243 254
243 297
243 613
243 967
243 1062
243 1098
244 190
245 198
246 946
247 7
247 1004
248 957
249 210
249 455
249 709
250 159
250 485
250 503
250 559
250 640
250 767
250 896
250 901
251 582
252 21
253 140
253 192
253 229
253 347
253 412
253 548
253 613
253 616
253 647
253 742
253 760
253 812
253 813
253 925
253 939
253 967
253 1051
254 238
254 243
254 265
254 328
254 613
255 19
255 202
255 371
256 214
256 684
257 165
258 57
258 176
258 330
258 638
258 771
258 840
258 851
259 204
259 876
260 957
261 313
261 836
261 891
261 909
262 131
262 497
262 553
263 549
263 838
264 9
264 592
265 254
265 613
265 622
266 202
266 417
266 510
267 610
268 1
268 21
268 349
268 384
268 689
268 710
268 745
268 814
268 862
268 932
268 963
268 1039
269 121
270 1056
271 575
271 802
271 1077
272 801
273 323
273 482
273 674
273 885
273 953
274 37
274 47
274 167
274 325
274 348
274 454
274 738
274 1036
274 1048
275 447
275 751
275 1000
276 5
276 182
276 605
276 617
276 953
276 1015
277 428
278 26
278 56
278 68
278 162
278 167
278 292
278 363
278 476
278 527
278 579
278 583
278 618
278 620
278 821
278 920
278 942
278 1002
278 1029
279 560
279 827
280 629
281 763
282 574
282 988
283 161
284 91
285 330
285 434
286 404
286 412
286 429
286 531
286 704
286 730
286 761
286 834
286 840
286 1017
286 1098
286 1108
287 159
288 731
288 832
289 375
290 812
291 119
291 205
291 676
291 705
291 846
291 928
291 970
292 89
292 278
292 920
293 97
293 323
293 568
293 863
294 228
295 1084
296 108
296 1056
297 243
297 613
298 21
298 581
299 626
300 525
300 1052
301 165
302 644
303 902
304 964
305 957
306 988
307 1005
308 709
309 409
310 798
311 352
311 399
311 613
311 914
311 918
312 22
312 428
312 588
312 641
312 940
313 261
313 566
313 754
313 824
313 1034
314 634
315 436
315 643
316 233
316 781
317 177
317 462
318 480
319 196
319 508
320 701
321 585
321 1087
322 880
323 34
323 128
323 181
323 213
323 218
323 224
323 273
323 293
323 412
323 429
323 443
323 451
323 513
323 595
323 683
323 822
323 973
323 1031
323 1108
324 13
324 206
324 335
324 708
325 72
325 274
325 1072
326 595
327 105
328 210
328 254
328 613
328 818
328 1016
329 836
330 258
330 285
330 721
330 741
330 798
330 963
330 1034
331 134
332 45
332 480
332 770
332 790
332 896
333 165
334 907
335 210
335 324
335 720
335 937
335 1052
336 132
336 365
336 880
336 926
337 11
337 40
337 44
337 70
337 137
337 427
337 505
337 529
337 675
337 714
337 718
337 740
337 773
337 779
337 907
337 931
338 1000
339 49
340 823
341 21
341 1059
342 242
343 484
344 702
345 234
345 417
346 873
347 140
347 253
347 392
347 812
348 274
349 29
349 59
349 268
350 957
351 480
352 64
352 117
352 311
352 629
352 1012
353 114
354 84
355 698
355 956
356 168
356 534
356 586
357 21
357 526
357 562
358 795
359 762
359 822
360 582
360 1034
360 1106
361 631
361 1011
362 891
363 278
364 584
364 737
365 336
365 926
366 167
366 413
366 429
367 1051
368 240
368 484
368 986
369 876
369 877
369 1051
369 1081
370 1057
371 23
371 255
372 990
373 596
373 921
373 1031
374 212
374 811
375 289
375 822
376 103
376 415
376 429
376 995
377 209
378 1077
379 417
380 896
381 1009
382 180
382 1090
383 632
384 268
384 689
385 84
386 18
386 69
386 414
386 546
386 608
387 44
387 70
388 240
388 484
389 127
389 391
389 812
389 834
389 965
389 993
390 743
390 910
391 389
392 347
392 621
393 540
393 948
394 769
394 1096
395 105
396 405
396 834
396 840
396 1057
397 635
398 999
399 20
399 22
399 153
399 311
399 412
399 515
399 552
399 662
399 689
399 732
399 808
399 946
399 981
400 702
401 101
402 159
403 132
403 595
403 613
403 643
403 733
403 749
403 845
404 286
404 531
404 761
405 215
405 396
405 411
405 657
405 715
405 750
405 1024
405 1052
406 21
407 126
407 514
407 799
407 902
408 31
408 117
408 429
408 1031
409 5
409 309
410 1084
411 13
411 188
411 199
411 203
411 208
411 405
411 412
411 428
411 432
411 458
411 635
411 702
411 708
411 747
411 771
411 840
411 843
411 923
411 966
412 60
412 78
412 139
412 173
412 236
412 253
412 286
412 323
412 399
412 411
412 416
412 428
412 429
412 441
412 500
412 515
412 528
412 575
412 635
412 711
412 778
412 1070
413 366
414 386
414 553
415 376
416 146
416 412
416 462
416 518
416 966
416 977
416 1092
417 29
417 73
417 127
417 163
417 266
417 345
417 379
417 431
417 713
418 8
418 988
419 1002
420 589
421 708
422 439
422 944
423 82
424 75
425 1054
426 190
426 229
426 886
427 44
427 337
427 1105
428 277
428 312
428 411
428 412
428 441
428 843
428 872
429 96
429 184
429 194
429 236
429 240
429 286
429 323
429 366
429 376
429 408
429 412
429 478
429 499
429 536
429 605
429 707
429 791
429 859
429 918
429 1018
429 1031
429 1061
429 1069
429 1084
429 1111
430 95
430 741
430 965
431 417
432 411
433 915
433 948
434 285
434 638
435 132
436 315
436 625
437 443
438 492
438 721
439 422
440 896
441 76
441 412
441 428
441 444
441 494
441 536
441 543
441 894
442 209
443 34
443 323
443 437
443 631
444 441
444 914
445 170
445 223
445 628
445 798
445 936
445 944
445 1003
445 1054
445 1063
445 1076
446 1115
447 275
448 664
449 23
450 1058
450 1115
451 34
451 323
451 489
452 489
452 631
453 480
454 274
454 935
455 249
456 202
457 514
458 13
458 411
458 506
458 682
458 689
458 834
458 862
458 898
458 923
458 1052
458 1054
458 1057
459 1041
460 494
461 209
461 558
462 33
462 242
462 317
462 416
462 540
462 582
462 670
462 836
462 949
462 1020
463 97
464 91
465 763
466 130
466 659
466 1087
467 972
468 624
469 154
469 496
470 806
470 897
471 930
472 161
472 961
473 196
473 1059
474 549
474 555
475 190
476 278
476 582
477 91
477 657
477 890
477 1073
478 429
479 25
479 50
479 573
479 666
480 161
480 220
480 318
480 332
480 351
480 453
480 770
480 896
480 983
481 497
482 273
482 1016
483 716
484 240
484 343
484 368
484 388
485 250
486 98
486 155
486 561
486 619
486 738
487 167
488 935
489 102
489 451
489 452
489 570
489 631
489 683
489 973
490 129
490 795
491 523
491 556
491 879
492 438
492 721
493 701
494 169
494 441
494 460
494 563
494 690
495 896
496 469
496 575
496 705
496 892
497 262
497 481
497 896
498 685
498 914
499 429
500 412
501 196
502 1059
503 250
503 640
504 1057
505 337
505 656
506 458
506 1036
507 551
508 186
508 196
508 319
508 764
508 839
509 517
509 589
510 266
511 122
511 522
512 645
512 827
513 323
514 140
514 407
514 457
514 833
514 934
514 997
514 1000
514 1082
515 78
515 399
515 412
516 575
516 591
516 786
516 1108
517 38
517 509
517 1107
518 416
518 965
519 218
519 706
520 41
520 113
521 101
521 236
522 122
522 511
523 175
523 491
523 556
523 809
523 962
523 1019
523 1094
524 27
524 893
525 300
525 582
525 702
525 750
525 812
526 357
527 278
527 653
528 412
528 582
529 337
530 1005
531 286
531 404
531 761
532 594
533 152
534 8
534 168
534 356
534 541
534 586
535 157
535 564
536 429
536 441
536 859
537 148
537 766
538 1117
539 709
540 393
540 462
540 836
540 1006
541 534
542 582
543 228
543 441
543 698
544 1032
545 759
545 840
546 386
547 764
548 64
548 253
548 613
548 760
549 231
549 263
549 474
549 627
549 646
549 761
549 1007
550 1061
551 141
551 222
551 507
551 781
551 810
551 930
551 972
552 399
553 262
553 414
554 200
554 231
554 555
555 474
555 554
556 491
556 523
557 1098
558 40
558 134
558 209
558 461
558 757
558 779
558 960
559 250
560 279
561 151
561 486
562 357
562 777
562 1040
562 1060
562 1063
563 49
563 494
564 535
564 1056
565 105
566 313
567 64
567 684
568 293
568 1106
569 602
569 772
569 925
569 974
570 489
571 29
571 592
572 32
572 160
572 856
572 1087
572 1100
573 479
574 282
574 685
574 914
575 183
575 271
575 412
575 496
575 516
575 756
575 802
575 999
575 1077
576 29
576 59
577 926
578 189
579 278
580 657
580 913
581 298
581 657
581 855
581 978
582 49
582 95
582 106
582 109
582 156
582 191
582 218
582 227
582 232
582 251
582 360
582 462
582 476
582 525
582 528
582 542
582 598
582 772
582 834
582 947
582 1034
582 1056
583 278
584 76
584 364
584 624
584 874
585 42
585 109
585 321
585 1057
586 356
586 534
586 912
587 128
587 1061
588 312
589 420
589 509
590 84
590 896
591 215
591 516
591 715
591 1024
591 1050
591 1055
592 1
592 156
592 264
592 571
592 611
592 1028
592 1039
593 702
594 64
594 532
595 85
595 93
595 164
595 323
595 326
595 403
595 622
595 980
595 1065
595 1084
596 373
597 242
597 989
598 582
599 84
600 1087
601 855
602 569
602 772
602 1099
603 228
604 747
605 276
605 429
606 708
607 851
608 386
609 731
610 196
610 267
610 650
610 1108
611 592
611 1028
612 1108
613 55
613 97
613 110
613 226
613 238
613 243
613 253
613 254
613 265
613 297
613 311
613 328
613 403
613 548
613 629
613 698
613 749
613 760
613 894
613 967
613 1062
613 1098
614 60
615 990
616 253
617 276
618 278
619 486
619 1046
620 278
621 64
621 392
622 102
622 265
622 595
622 763
623 657
624 468
624 584
624 881
625 436
625 798
626 299
626 631
626 728
626 980
627 549
628 445
629 280
629 352
629 613
629 812
629 967
629 1098
630 21
630 837
631 361
631 443
631 452
631 489
631 626
632 112
632 150
632 383
632 865
633 228
634 21
634 314
635 4
635 36
635 59
635 148
635 174
635 196
635 397
635 411
635 412
635 747
635 763
635 830
635 919
635 929
635 1033
635 1045
636 702
637 908
637 968
637 1071
638 258
638 434
639 822
640 159
640 250
640 503
641 312
642 1059
643 55
643 236
643 315
643 403
644 5
644 173
644 302
644 802
644 905
645 5
645 512
646 549
647 253
648 822
649 709
650 610
651 41
652 802
653 527
654 873
655 152
655 218
656 505
656 779
656 889
657 17
657 121
657 124
657 144
657 187
657 193
657 405
657 477
657 580
657 581
657 623
657 692
657 726
657 729
657 741
657 774
657 818
657 834
657 923
657 930
657 969
657 1052
657 1057
657 1080
658 880
658 985
659 130
659 466
659 1087
660 803
660 1036
661 868
661 1075
662 133
662 399
663 853
664 94
664 448
665 59
666 50
666 479
667 167
668 23
669 701
670 14
670 462
670 703
670 796
670 928
671 205
672 975
673 813
673 1087
674 273
675 44
675 337
676 291
677 1009
678 25
678 904
679 167
680 1098
681 907
681 976
682 458
682 966
683 34
683 323
683 489
683 756
683 822
684 86
684 256
684 567
684 977
685 498
685 574
685 914
686 1077
687 209
688 132
689 21
689 139
689 218
689 268
689 384
689 399
689 458
689 787
689 862
689 1013
689 1031
690 494
690 900
691 957
692 2
692 91
692 657
692 726
693 975
694 60
695 91
696 731
697 165
698 224
698 355
698 543
698 613
698 894
698 1062
699 1057
700 705
701 185
701 320
701 493
701 669
701 1057
702 57
702 127
702 138
702 230
702 344
702 400
702 411
702 525
702 593
702 636
702 708
702 717
702 748
702 757
702 807
702 817
702 871
702 923
702 951
702 1080
703 670
703 949
704 15
704 202
704 286
704 780
704 1089
705 209
705 291
705 496
705 700
705 1042
706 519
706 731
707 429
708 13
708 74
708 324
708 411
708 421
708 606
708 702
708 890
708 979
708 1057
709 210
709 249
709 308
709 539
709 649
709 966
710 29
710 59
710 268
711 412
712 939
712 1075
713 417
714 209
714 337
714 1105
715 215
715 405
715 591
716 483
716 835
716 950
717 88
717 702
718 21
718 337
719 762
720 335
721 178
721 330
721 438
721 492
722 109
723 57
724 108
725 224
726 657
726 692
727 180
727 908
728 626
729 657
729 864
730 286
730 1098
731 288
731 609
731 696
731 706
731 768
731 1053
732 23
732 79
732 399
732 815
733 54
733 403
733 788
734 190
735 772
735 853
735 1106
736 793
737 364
738 274
738 486
739 1059
740 337
740 907
741 156
741 330
741 430
741 657
741 948
741 1054
742 253
742 878
743 390
744 1058
745 268
745 963
746 195
746 785
746 790
747 411
747 604
747 635
748 21
748 702
749 403
749 613
749 894
750 405
750 525
750 812
750 834
750 923
751 275
752 988
753 202
754 79
754 313
754 1031
755 158
755 803
756 575
756 683
756 1093
757 558
757 702
758 839
759 545
759 840
759 965
759 1106
760 110
760 253
760 548
760 613
760 812
760 820
760 1110
761 145
761 173
761 216
761 286
761 404
761 531
761 549
761 864
762 359
762 719
763 281
763 465
763 622
763 635
763 964
763 981
764 221
764 508
764 547
765 39
766 537
767 250
768 731
769 394
770 62
770 84
770 142
770 332
770 480
771 258
771 411
771 834
772 569
772 582
772 602
772 735
773 337
774 657
775 923
776 29
777 562
777 819
778 412
779 40
779 209
779 337
779 558
779 656
780 704
780 1058
781 316
781 551
782 1054
783 46
783 57
784 29
785 746
786 516
787 21
787 689
788 733
789 196
790 159
790 195
790 332
790 746
790 896
790 1025
791 429
792 924
793 240
793 736
793 992
794 41
795 114
795 358
795 490
796 207
796 670
797 836
798 223
798 310
798 330
798 445
798 625
798 965
799 407
800 896
801 272
801 948
802 271
802 575
802 644
802 652
802 999
803 117
803 118
803 660
803 755
803 805
803 888
803 917
803 953
803 1091
804 1000
805 803
806 470
807 702
808 399
809 175
809 523
810 551
810 1088
811 202
811 374
811 955
812 110
812 125
812 226
812 253
812 290
812 347
812 389
812 525
812 629
812 750
812 760
812 1080
813 253
813 673
814 21
814 268
814 963
815 732
816 957
817 702
818 210
818 328
818 657
819 0
819 777
819 1059
820 760
821 278
822 41
822 90
822 224
822 323
822 359
822 375
822 639
822 648
822 683
822 1031
822 1084
823 340
823 1016
824 313
825 228
826 1108
827 64
827 279
827 512
827 925
827 934
827 973
828 81
828 925
829 850
830 635
831 155
832 204
832 288
833 514
834 121
834 286
834 389
834 396
834 458
834 582
834 657
834 750
834 771
834 884
834 1036
835 716
836 48
836 211
836 261
836 329
836 462
836 540
836 797
836 1117
837 117
837 630
838 263
839 97
839 508
839 758
839 1102
840 13
840 258
840 286
840 396
840 411
840 545
840 759
840 851
840 965
840 1057
841 1090
842 948
843 100
843 411
843 428
843 992
844 920
845 403
846 23
846 291
847 99
847 219
848 983
849 1087
850 89
850 829
850 911
851 258
851 607
851 840
851 1097
852 60
853 663
853 735
853 1059
854 44
855 228
855 581
855 601
856 160
856 572
857 122
858 1112
859 429
859 536
859 870
859 990
860 29
861 961
862 140
862 268
862 458
862 689
863 293
863 1031
864 729
864 761
865 39
865 632
866 145
867 1041
868 661
868 1009
869 908
870 859
871 702
872 428
873 61
873 346
873 654
873 985
874 6
874 584
875 21
875 988
876 23
876 143
876 259
876 369
877 51
877 369
877 1087
878 742
879 196
879 491
879 1011
879 1109
879 1113
880 322
880 336
880 658
880 985
881 624
882 140
882 1024
883 1108
884 834
884 1052
885 273
886 426
887 41
887 141
888 803
889 656
890 477
890 708
890 1058
891 113
891 261
891 362
892 496
893 524
893 934
893 1078
894 92
894 441
894 613
894 698
894 749
895 173
896 84
896 250
896 332
896 380
896 440
896 480
896 495
896 497
896 590
896 790
896 800
896 997
896 1117
897 223
897 470
898 458
899 1098
900 690
901 250
902 303
902 407
902 1086
903 933
903 1087
904 24
904 25
904 217
904 678
904 941
904 1087
905 644
906 218
906 948
907 137
907 334
907 337
907 681
907 740
908 84
908 637
908 727
908 869
908 961
908 1114
909 261
909 946
910 180
910 390
911 850
912 586
913 580
914 64
914 311
914 444
914 498
914 574
914 685
914 988
915 433
916 180
917 803
918 311
918 429
919 635
920 167
920 278
920 292
920 844
921 373
922 1059
923 230
923 411
923 458
923 657
923 702
923 750
923 775
923 1052
924 202
924 792
925 253
925 569
925 827
925 828
925 1051
926 336
926 365
926 577
927 59
928 291
928 670
929 635
930 471
930 551
930 657
931 337
932 268
933 228
933 903
934 23
934 167
934 514
934 827
934 893
934 1000
935 171
935 454
935 488
936 445
937 335
938 21
938 43
939 253
939 712
940 312
941 25
941 217
941 904
942 278
943 216
943 1027
944 422
944 445
945 165
946 246
946 399
946 909
947 582
948 58
948 179
948 393
948 433
948 741
948 801
948 842
948 906
949 462
949 703
950 140
950 716
951 222
951 702
952 57
953 117
953 118
953 158
953 273
953 276
953 803
954 72
954 1072
955 202
955 811
956 355
957 124
957 248
957 260
957 305
957 350
957 691
957 816
958 130
959 25
960 209
960 558
961 28
961 60
961 82
961 161
961 180
961 472
961 861
961 908
962 523
963 21
963 94
963 268
963 330
963 745
963 814
963 1054
963 1058
964 304
964 763
965 13
965 140
965 167
965 208
965 389
965 430
965 518
965 759
965 798
965 840
965 1064
966 411
966 416
966 682
966 709
966 977
967 243
967 253
967 613
967 629
968 637
969 657
970 291
971 1061
972 141
972 467
972 551
973 323
973 489
973 827
974 569
975 672
975 693
975 994
975 1075
976 681
977 416
977 684
977 966
978 581
979 708
980 595
980 626
981 399
981 763
982 64
983 165
983 480
983 848
983 1047
984 1059
985 658
985 873
985 880
986 368
987 147
988 8
988 282
988 306
988 418
988 752
988 875
988 914
988 1009
989 129
989 597
990 372
990 615
990 859
991 91
992 115
992 793
992 843
993 389
994 975
995 376
996 122
997 514
997 896
998 21
999 398
999 575
999 802
1000 235
1000 275
1000 338
1000 514
1000 804
1000 934
1001 1049
1001 1051
1002 278
1002 419
1003 445
1003 1038
1004 247
1004 1008
1005 180
1005 307
1005 530
1006 83
1006 540
1007 549
1008 1004
1009 381
1009 677
1009 868
1009 988
1009 1116
1010 21
1011 39
1011 240
1011 361
1011 879
1011 1014
1012 352
1013 689
1014 1011
1015 276
1016 328
1016 482
1016 823
1016 1044
1016 1084
1017 105
1017 286
1018 429
1019 523
1020 462
1021 202
1022 236
1023 28
1023 60
1024 87
1024 405
1024 591
1024 882
1025 790
1026 1071
1027 943
1028 592
1028 611
1029 278
1030 55
1030 97
1031 117
1031 218
1031 323
1031 373
1031 408
1031 429
1031 689
1031 754
1031 822
1031 863
1032 25
1032 544
1032 1071
1033 635
1034 147
1034 313
1034 330
1034 360
1034 582
1035 180
1036 118
1036 171
1036 274
1036 506
1036 660
1036 834
1037 1108
1038 1003
1039 268
1039 592
1040 21
1040 196
1040 562
1040 1060
1041 196
1041 459
1041 867
1042 705
1043 108
1044 1016
1045 635
1046 619
1047 165
1047 983
1047 1056
1048 274
1049 3
1049 135
1049 202
1049 224
1049 1001
1050 591
1051 21
1051 88
1051 224
1051 253
1051 367
1051 369
1051 925
1051 1001
1052 57
1052 210
1052 300
1052 335
1052 405
1052 458
1052 657
1052 884
1052 923
1053 731
1054 425
1054 445
1054 458
1054 741
1054 782
1054 963
1055 591
1056 202
1056 270
1056 296
1056 564
1056 582
1056 1047
1056 1077
1057 5
1057 370
1057 396
1057 458
1057 504
1057 585
1057 657
1057 699
1057 701
1057 708
1057 840
1057 1080
1057 1101
1058 156
1058 450
1058 744
1058 780
1058 890
1058 963
1059 21
1059 196
1059 341
1059 473
1059 502
1059 642
1059 739
1059 819
1059 853
1059 922
1059 984
1059 1066
1060 92
1060 562
1060 1040
1061 429
1061 550
1061 587
1061 971
1061 1109
1062 97
1062 243
1062 613
1062 698
1063 445
1063 562
1064 190
1064 965
1065 595
1066 1059
1067 226
1067 1071
1068 209
1069 429
1070 412
1071 637
1071 1026
1071 1032
1071 1067
1072 72
1072 325
1072 954
1073 477
1074 117
1075 229
1075 661
1075 712
1075 975
1076 445
1077 30
1077 271
1077 378
1077 575
1077 686
1077 1056
1078 225
1078 893
1079 21
1080 657
1080 702
1080 812
1080 1057
1081 369
1082 514
1083 1087
1084 31
1084 117
1084 295
1084 410
1084 429
1084 595
1084 822
1084 1016
1085 1111
1086 902
1087 25
1087 130
1087 197
1087 229
1087 321
1087 466
1087 572
1087 600
1087 659
1087 673
1087 849
1087 877
1087 903
1087 904
1087 1083
1087 1103
1088 810
1089 15
1089 704
1090 82
1090 180
1090 382
1090 841
1091 118
1091 803
1092 416
1093 756
1094 523
1095 57
1096 66
1096 130
1096 394
1097 851
1098 16
1098 36
1098 243
1098 286
1098 557
1098 613
1098 629
1098 680
1098 730
1098 899
1099 602
1100 572
1101 1057
1102 839
1103 1087
1104 228
1105 40
1105 427
1105 714
1106 360
1106 568
1106 735
1106 759
1107 128
1107 517
1108 202
1108 204
1108 286
1108 323
1108 516
1108 610
1108 612
1108 826
1108 883
1108 1037
1109 879
1109 1061
1110 760
1111 429
1111 1085
1112 163
1112 858
1113 879
1114 908
1115 446
1115 450
1116 1009
1117 538
1117 836
1117 896
