1 3
8 14
10 16
13 18
16 20
20 25
22 27
25 28
28 32
29 33
31 34
33 35
34 36
36 39
38 40
39 41
42 51
44 53
45 59
47 62
50 64
54 69
67 75
69 81
78 88
79 91
82 99
88 110
89 113
97 118
98 120
100 121
104 124
112 136
116 140
133 153
134 154
135 155
139 158
140 160
141 161
143 162
148 167
151 171
153 172
158 185
160 186
161 187
163 191
164 192
166 196
169 200
174 205
178 211
179 213
190 223
193 226
195 233
199 235
203 238
204 239
205 240
206 241
208 243
215 248
218 251
224 253
225 254
226 252
229 258
230 259
232 261
241 267
242 269
245 271
246 272
254 276
260 277
261 278
266 281
268 283
269 285
270 286
272 287
275 289
276 290
277 291
278 292
286 296
290 297
295 305
301 313
302 315
305 322
307 323
310 327
316 331
320 335
322 336
327 338
328 339
330 341
334 347
335 349
336 350
338 351
347 359
351 360
360 367
364 370
372 379
375 381
378 383
380 386
382 392
383 393
384 394
386 395
390 400
393 406
396 410
401 412
406 419
408 420
410 421
411 423
412 425
415 430
420 436
421 438
423 439
426 441
430 444
431 445
432 446
434 448
435 450
436 452
440 455
443 458
445 461
450 464
455 475
458 476
459 477
465 480
467 483
469 485
470 486
474 489
481 492
483 493
490 502
495 505
506 511
509 514
510 518
512 521
513 522
514 523
522 533
530 538
539 542
541 546
544 548
546 550
548 555
552 556
553 557
558 559
563 562
566 569
568 567
584 576
586 577
589 580
592 581
596 588
597 589
600 592
601 594
602 593
604 596
607 599
609 603
612 608
613 610
618 614
619 615
621 616
622 618
623 620
626 623
632 631
635 632
645 645
647 647
656 653
660 657
661 658
666 662
668 663
669 665
670 666
682 674
686 676
688 679
697 686
699 690
700 691
702 694
704 697
709 704
712 708
716 711
720 713
725 718
726 720
727 723
729 722
732 725
734 728
739 731
740 732
743 733
744 737
747 741
753 745
759 748
761 749
763 750
765 751
767 756
768 757
769 759
770 761
774 763
781 771
783 774
784 773
791 777
794 778
796 780
798 779
800 782
801 783
803 786
807 789
811 795
812 796
813 797
814 794
819 804
821 806
826 815
827 818
833 823
840 826
841 828
843 829
844 830
848 832
849 833
851 834
852 836
855 839
858 842
862 845
864 847
867 851
868 852
871 854
873 859
877 861
879 864
883 865
884 866
893 872
896 874
897 875
898 877
900 878
904 881
907 884
908 886
909 887
910 888
912 889
915 890
921 892
923 893
926 896
927 898
928 899
935 909
936 911
937 914
942 921
949 925
956 933
962 939
967 944
968 945
969 948
970 947
971 949
974 954
978 957
979 958
980 959
981 961
984 963
985 965
988 966
992 971
993 972
995 974
996 976
1012 987
1014 989
1015 991
1021 993
1028 997
1030 1002
1031 1001
1032 1003
1033 1004
1034 1006
1040 1011
1041 1012
1043 1013
1046 1017
1047 1018
1049 1021
1050 1025
1058 1030
1060 1032
1062 1036
1068 1048
1069 1049
1073 1051
1074 1053
1076 1056
1079 1060
1081 1061
1085 1064
1087 1065
1094 1072
1095 1074
1121 1092
1122 1095
1123 1098
1124 1099
1131 1104
1133 1105
1136 1108
1141 1111
1150 1118
1151 1119
1155 1122
1157 1123
1159 1126
1161 1128
1164 1134
1166 1136
1170 1140
1174 1148
1181 1153
1182 1154
1183 1155
1186 1159
1204 1167
1206 1171
1209 1177
1210 1176
1217 1190
1229 1199
1233 1201
1237 1204
1240 1206
1243 1207
1244 1208
1245 1210
1246 1211
1248 1214
1252 1218
1253 1219
1254 1223
1258 1225
1259 1226
1263 1228
1265 1229
1268 1231
1269 1232
1270 1233
1273 1235
1274 1234
1275 1237
1281 1245
1282 1246
1287 1249
1296 1252
1297 1253
1302 1257
1305 1259
1306 1260
1311 1261
1317 1264
1318 1265
1319 1266
1320 1267
1322 1269
1327 1272
1329 1273
1333 1280
1335 1282
1336 1285
1339 1289
1343 1294
1345 1296
1346 1297
1349 1298
1350 1299
1354 1305
1357 1306
1358 1308
1360 1309
1361 1310
1368 1317
1369 1318
1375 1323
1379 1326
1381 1328
1386 1330
1389 1334
1392 1336
1394 1337
1400 1342
1404 1350
1405 1351
1406 1354
1408 1355
1409 1357
1412 1361
1414 1362
1420 1367
1421 1369
1423 1371
1430 1378
1435 1383
1436 1384
1439 1392
1443 1395
1444 1396
1447 1398
1449 1402
1452 1404
1461 1416
1462 1418
1468 1423
1473 1434
1476 1436
1486 1442
1487 1443
1488 1444
1489 1445
1491 1446
1497 1451
1498 1453
1501 1456
1512 1471
1514 1473
1515 1475
1518 1476
1519 1477
1523 1480
1527 1483
1532 1486
1540 1489
1542 1491
1543 1492
1547 1498
1551 1502
1553 1505
1554 1507
1559 1512
1565 1517
1568 1519
1569 1521
1573 1529
1576 1531
1577 1532
1581 1540
1582 1541
1588 1545
1591 1548
1594 1552
1601 1558
1602 1559
1603 1561
1607 1564
1608 1565
1616 1568
1617 1573
1618 1574
1619 1576
1620 1572
1621 1580
1623 1581
1628 1587
1635 1589
1637 1591
1643 1595
1650 1600
1651 1601
1660 1605
1661 1606
1669 1609
1673 1611
1677 1614
1678 1615
1680 1616
1683 1621
1685 1624
1687 1625
1688 1628
1689 1629
1690 1630
1698 1641
1700 1646
1701 1643
1702 1644
1703 1647
1706 1651
1709 1652
1712 1654
1719 1659
1722 1661
1726 1664
1727 1663
1729 1665
1733 1668
1737 1670
1738 1672
1744 1678
1746 1679
1751 1692
1758 1698
1762 1701
1763 1702
1775 1715
1777 1717
1784 1720
1786 1721
1790 1726
1793 1728
1798 1732
1799 1734
1801 1735
1806 1738
1809 1739
1810 1740
1814 1743
1815 1744
1819 1750
1822 1753
1824 1756
1836 1758
1845 1766
1847 1767
1849 1772
1853 1777
1856 1780
1860 1783
1861 1789
1862 1791
1869 1801
1871 1804
1874 1807
1876 1809
1879 1811
1881 1813
1884 1819
1885 1820
1886 1821
1887 1824
1890 1828
1894 1832
1897 1835
1903 1840
1904 1841
1909 1845
1912 1849
1913 1850
1914 1851
1918 1856
1929 1873
1930 1874
1932 1876
1938 1880
1939 1882
1945 1889
1946 1890
1949 1895
1952 1898
1959 1911
1960 1912
1964 1921
1968 1924
1970 1927
1972 1929
1977 1933
1979 1934
1980 1932
1982 1937
1988 1942
1989 1946
1993 1948
1995 1951
1997 1956
1998 1958
2004 1966
2008 1970
2014 1974
2015 1976
2018 1980
2020 1982
2021 1983
2023 1984
2033 1989
2036 1991
2039 1996
2052 2012
2053 2013
2054 2015
2062 2027
2067 2030
2068 2033
2069 2031
2074 2037
2076 2039
2077 2038
2080 2043
2082 2044
2083 2045
2085 2050
2091 2054
2094 2058
2095 2056
2097 2059
2101 2062
2102 2063
2105 2068
2110 2073
2112 2075
2114 2077
2115 2079
2116 2081
2117 2082
2118 2083
2121 2084
2133 2089
2137 2095
2138 2097
2139 2098
2146 2105
2147 2106
2151 2112
2152 2113
2153 2115
2156 2117
2158 2120
2165 2121
2173 2131
2177 2132
2179 2133
2180 2134
2184 2141
2191 2150
2194 2152
2197 2154
2199 2157
2201 2158
2203 2159
2204 2160
2206 2161
2212 2168
2214 2171
2226 2183
2228 2186
2233 2187
2234 2189
2235 2190
2237 2192
2238 2193
2240 2197
2241 2198
2247 2203
2256 2209
2257 2210
2264 2214
2269 2217
2271 2224
2272 2226
2281 2237
2283 2242
2284 2244
2289 2253
2291 2257
2294 2264
2296 2267
2306 2276
2309 2279
2316 2281
2323 2288
2324 2289
2327 2293
2337 2299
2341 2301
2343 2304
2344 2305
2351 2310
2357 2313
2358 2314
2359 2315
2360 2318
2361 2320
2362 2321
2365 2323
2366 2325
2367 2327
2368 2329
2369 2330
2370 2332
2374 2338
2381 2342
2382 2343
2386 2346
2387 2348
2388 2353
2392 2358
2393 2359
2394 2362
2398 2363
2408 2368
2412 2370
2415 2376
2416 2377
2417 2382
2418 2383
2424 2389
2425 2390
2426 2391
2427 2395
2428 2394
2432 2399
2436 2402
2438 2404
2451 2411
2452 2413
2457 2418
2458 2420
2462 2425
2464 2426
2467 2428
2474 2433
2475 2434
2476 2435
2480 2437
2488 2450
2489 2451
2491 2456
2506 2466
2507 2468
2508 2472
2519 2477
2522 2478
2523 2481
2524 2484
2531 2490
2534 2494
2536 2495
2537 2496
2542 2500
2546 2505
2557 2517
2560 2522
2568 2533
2569 2534
2570 2536
2576 2549
2577 2550
2578 2551
2579 2553
2580 2554
2582 2558
2587 2565
2593 2571
2594 2573
2595 2575
2599 2580
2604 2584
2605 2585
2606 2588
2607 2589
2609 2592
2612 2596
2613 2597
2614 2598
2615 2599
2616 2604
2620 2607
2621 2611
2622 2609
2627 2612
2633 2622
2637 2624
2641 2629
2642 2630
2647 2634
2649 2638
2650 2640
2653 2646
2656 2654
2659 2658
2668 2663
2670 2669
2671 2674
2675 2677
2683 2684
2684 2685
2685 2687
2688 2689
2691 2693
2706 2705
2707 2707
2708 2708
2714 2713
2720 2719
2722 2721
2723 2723
2728 2724
2738 2732
2741 2735
2744 2736
2746 2739
2748 2741
2749 2743
2750 2744
2757 2747
2762 2748
2767 2752
2773 2760
2774 2761
2775 2764
2778 2765
2780 2766
2781 2768
2782 2770
2785 2772
2787 2776
2788 2778
2791 2782
2793 2783
2795 2786
2797 2787
2802 2794
2804 2795
2806 2801
2809 2804
2813 2808
2816 2812
2823 2822
2826 2823
2828 2828
2830 2832
2831 2833
2832 2834
2835 2838
2841 2842
2847 2848
2853 2853
2855 2861
2857 2864
2858 2865
2862 2872
2865 2877
2866 2882
2867 2884
2872 2888
2873 2889
2875 2896
2876 2899
2879 2906
2881 2910
2884 2914
2887 2918
2894 2921
2895 2922
2903 2926
2913 2931
2917 2938
2921 2943
2925 2947
2927 2946
2936 2955
2937 2958
2942 2960
2945 2964
2949 2969
2951 2970
2952 2972
2957 2975
2958 2976
2965 2981
2967 2982
2968 2983
2969 2987
2970 2984
2971 2989
2974 2999
2983 3005
2985 3015
2986 3016
2987 3017
2993 3024
2994 3025
2995 3026
3001 3030
3005 3037
3011 3039
3013 3042
3017 3043
3018 3046
3025 3050
3031 3052
3036 3059
3037 3060
3042 3066
3046 3076
3049 3081
3051 3084
3052 3086
3059 3088
3062 3089
3064 3090
3067 3098
3071 3103
3074 3108
3076 3111
3083 3118
3088 3123
3093 3125
3094 3129
3097 3130
3100 3136
3102 3137
3104 3139
3105 3141
3108 3142
3112 3145
3114 3146
3119 3151
3122 3154
3132 3158
3135 3163
3141 3168
3144 3170
3146 3172
3149 3174
3152 3178
3154 3183
3155 3187
3159 3190
3162 3191
3171 3202
3172 3203
3177 3205
3186 3209
3193 3214
3202 3218
3204 3220
3205 3221
3206 3222
3210 3223
3211 3224
3215 3226
3220 3228
3222 3231
3225 3233
3230 3244
3231 3245
3232 3246
3233 3247
3237 3249
3238 3251
3239 3253
3251 3263
3253 3264
3257 3271
3259 3275
3260 3276
3261 3277
3266 3281
3267 3283
3269 3286
3277 3304
3278 3305
3281 3307
3282 3308
3287 3319
3288 3320
3289 3322
3308 3325
3309 3327
3313 3329
3314 3330
3317 3331
3321 3334
3323 3336
3324 3338
3327 3339
3339 3347
3340 3349
3342 3350
3345 3352
3346 3353
3352 3361
3353 3366
3354 3367
3358 3372
3359 3373
3360 3376
3363 3379
3366 3383
3367 3385
3368 3386
3371 3390
3372 3393
3384 3402
3392 3417
3399 3421
3404 3425
3408 3428
3409 3430
3410 3432
3411 3433
3415 3439
3416 3440
3418 3442
3419 3443
3420 3444
3425 3445
3430 3446
3431 3448
3432 3450
3435 3454
3436 3457
3437 3459
3438 3458
3441 3461
3442 3462
3447 3464
3451 3466
3452 3467
3465 3478
3466 3479
3470 3485
3471 3486
3474 3488
3477 3491
3478 3490
3479 3492
3481 3494
3484 3497
3489 3500
3494 3511
3496 3514
3498 3519
3501 3528
3502 3531
3505 3533
3506 3536
3508 3538
3510 3540
3514 3542
3518 3545
3519 3549
3523 3552
3526 3558
3531 3565
3534 3568
3549 3583
3564 3597
3566 3601
3568 3602
3570 3604
3572 3606
3575 3611
3577 3612
3578 3613
3579 3617
3585 3622
3586 3621
3588 3626
3591 3628
3592 3627
3593 3630
3594 3631
3597 3633
3599 3635
3602 3636
3603 3638
3605 3640
3607 3641
3612 3650
3613 3651
3615 3653
3618 3654
3621 3658
3622 3660
3630 3666
3633 3668
3636 3670
3639 3672
3641 3676
3643 3677
3647 3679
3648 3681
3650 3685
3661 3700
3662 3698
3663 3704
3664 3703
3670 3710
3672 3713
3675 3717
3676 3718
3682 3723
3690 3728
3697 3732
3700 3736
3702 3738
3711 3751
3726 3768
3727 3769
3730 3771
3744 3782
3746 3786
3750 3791
3751 3792
3753 3793
3760 3799
3761 3802
3766 3806
3771 3809
3772 3811
3775 3815
3778 3820
3781 3823
3783 3824
3785 3827
3789 3836
3790 3835
3793 3839
3794 3843
3804 3850
3812 3859
3814 3860
3824 3867
3826 3868
3834 3876
3839 3878
3840 3879
3844 3883
3847 3889
3849 3891
3850 3893
3851 3894
3855 3896
3857 3899
3858 3901
3862 3904
3863 3905
3868 3912
3869 3915
3870 3918
3871 3917
3872 3919
3877 3923
3878 3924
3879 3927
3883 3930
3884 3936
3886 3938
3887 3939
3888 3940
3897 3947
3899 3952
3910 3964
3911 3965
3917 3971
3922 3973
3924 3976
3925 3978
3928 3981
3929 3982
3933 3985
3934 3986
3936 3987
3940 3995
3945 3999
3949 4000
3955 4005
3957 4008
3958 4009
3959 4011
3965 4024
3967 4025
3969 4028
3975 4034
3977 4037
3982 4039
3985 4042
3995 4047
3999 4054
4000 4056
4004 4064
4006 4066
4012 4069
4013 4070
4022 4079
4024 4080
4031 4084
4032 4085
4035 4086
4042 4094
4043 4095
4044 4097
4050 4101
4051 4102
4054 4107
4055 4106
4057 4110
4062 4117
4072 4125
4075 4128
4077 4130
4080 4134
4084 4137
4089 4148
4090 4147
4092 4152
4095 4157
4097 4159
4098 4160
4100 4161
4101 4163
4104 4165
4106 4166
4114 4171
4119 4175
4121 4178
4126 4182
4129 4190
4132 4192
4135 4196
4139 4199
4140 4200
4148 4208
4151 4213
4157 4217
4161 4222
4164 4225
4165 4228
4167 4229
4169 4231
4170 4232
4173 4239
4175 4242
4176 4245
4180 4247
4181 4248
4183 4252
4194 4256
4195 4257
4199 4264
4203 4266
4204 4267
4205 4270
4206 4269
4207 4268
4208 4273
4209 4272
4211 4275
4213 4278
4226 4293
4231 4297
4232 4299
4235 4302
4238 4306
4239 4307
4245 4312
4246 4313
4251 4318
4252 4319
4253 4320
4254 4322
4260 4332
4267 4338
4272 4342
4273 4343
4275 4346
4280 4349
4281 4351
4284 4355
4285 4356
4289 4359
4291 4361
4292 4360
4293 4362
4299 4368
4300 4371
4303 4376
4305 4379
4307 4380
4308 4382
4309 4386
4319 4394
4325 4400
4334 4413
4335 4414
4336 4417
4342 4422
4344 4424
4354 4438
4358 4439
4360 4445
4371 4451
4378 4460
4380 4462
4382 4464
4383 4465
4387 4467
4390 4468
4395 4470
4399 4477
4407 4482
4408 4483
4415 4494
4418 4496
4420 4504
4423 4506
4429 4507
4431 4509
4432 4514
4434 4518
4435 4519
4438 4522
4443 4526
4448 4532
4449 4533
4454 4537
4456 4539
4457 4541
4460 4543
4464 4548
4469 4553
4470 4554
4472 4556
4474 4559
4475 4562
4478 4567
4480 4572
4481 4577
4485 4579
4488 4580
4489 4581
4497 4586
4498 4587
4501 4588
4502 4590
4503 4591
4504 4593
4507 4595
4515 4606
4522 4609
4524 4610
4526 4611
4527 4612
4533 4614
4537 4618
4538 4619
4539 4620
4542 4624
4543 4625
4544 4631
4545 4630
4551 4635
4559 4641
4560 4642
4561 4643
4563 4646
4568 4649
4569 4651
4570 4656
4571 4653
4572 4652
4573 4654
4579 4663
4581 4664
4589 4671
4603 4681
4604 4682
4611 4689
4614 4690
4616 4692
4621 4694
4623 4701
4629 4710
4635 4713
4644 4717
4646 4719
4649 4720
4654 4724
4657 4728
4658 4729
4661 4730
4662 4731
4664 4736
4665 4737
4666 4739
4671 4744
4672 4745
4674 4750
4676 4753
4678 4755
4689 4766
4690 4768
4691 4769
4695 4774
4698 4775
4700 4776
4702 4777
4707 4781
4708 4782
4714 4788
4715 4789
4722 4794
4723 4795
4724 4797
4725 4799
4727 4801
4729 4802
4734 4805
4735 4804
4738 4807
4743 4808
4748 4814
4749 4817
4752 4819
4754 4820
4758 4822
4759 4824
4760 4826
4763 4833
4771 4842
4773 4844
4780 4846
4784 4848
4788 4852
4792 4857
4794 4861
4796 4866
4797 4868
4799 4870
4801 4871
4806 4876
4807 4879
4810 4882
4815 4884
4816 4883
4819 4887
4825 4891
4830 4892
4832 4895
4834 4898
4848 4917
4852 4919
4853 4918
4862 4926
4864 4929
4865 4930
4867 4934
4869 4936
4870 4935
4874 4939
4878 4944
4880 4948
4881 4949
4885 4953
4887 4954
4889 4957
4892 4965
4893 4963
4897 4961
4905 4971
4912 4977
4914 4980
4915 4981
4918 4986
4920 4990
4922 4994
4924 4997
4928 5004
4929 5005
4930 5006
4933 5008
4934 5010
4938 5013
4940 5014
4942 5015
4953 5022
4955 5025
4958 5030
4959 5031
4961 5035
4963 5037
4964 5036
4965 5038
4968 5045
4970 5047
4971 5048
4972 5051
4975 5053
4980 5058
4984 5067
4999 5090
5001 5094
5002 5095
5007 5096
5009 5098
5012 5102
5013 5101
5020 5105
5026 5116
5032 5122
5033 5125
5034 5126
5038 5129
5049 5138
5051 5139
5059 5145
5065 5154
5067 5156
5069 5158
5073 5163
5076 5164
5081 5167
5082 5173
5086 5182
5087 5184
5089 5186
5090 5187
5100 5203
5113 5209
5115 5210
5117 5212
5120 5214
5122 5215
5130 5216
5132 5219
5134 5222
5135 5225
5136 5223
5140 5230
5152 5238
5157 5243
5160 5245
5162 5247
5165 5254
5168 5256
5169 5257
5174 5259
5175 5261
5177 5262
5189 5274
5191 5276
5193 5277
5198 5282
5200 5283
5205 5287
5206 5290
5208 5293
5209 5295
5216 5297
5218 5298
5219 5299
5220 5301
5221 5303
5231 5306
5234 5308
5235 5309
5239 5313
5240 5314
5247 5319
5248 5321
5254 5326
5256 5327
5260 5328
5270 5332
5272 5333
5289 5348
5294 5355
5295 5357
5298 5358
5299 5360
5300 5359
5301 5361
5302 5363
5303 5362
5304 5365
5305 5366
5306 5368
5307 5369
5313 5372
5317 5374
5322 5378
5326 5382
5328 5384
5332 5387
5334 5389
5335 5390
5349 5409
5350 5410
5354 5415
5359 5419
5362 5421
5364 5425
5366 5426
5369 5428
5371 5430
5372 5431
5373 5432
5376 5436
5382 5442
5388 5452
5394 5455
5396 5456
5398 5458
5399 5459
5401 5462
5402 5463
5403 5467
5406 5476
5407 5477
5409 5478
5410 5479
5412 5481
5419 5486
5422 5487
5424 5488
5430 5497
5431 5495
5436 5500
5439 5508
5440 5510
5442 5516
5444 5518
5447 5523
5448 5524
5449 5526
5450 5527
5455 5529
5458 5531
5460 5534
5461 5535
5462 5536
5464 5537
5467 5541
5468 5542
5470 5544
5474 5548
5476 5557
5478 5560
5479 5562
5480 5563
5481 5564
5484 5566
5490 5573
5491 5574
5494 5579
5504 5586
5505 5588
5508 5593
5509 5594
5511 5596
5514 5599
5517 5602
5520 5608
5525 5613
5526 5615
5529 5618
5532 5621
5533 5624
5536 5626
5540 5636
5541 5639
5544 5645
5548 5646
5552 5650
5560 5655
5562 5658
5563 5666
5564 5668
5565 5664
5568 5672
5569 5673
5571 5674
5578 5679
5579 5680
5583 5686
5584 5687
5587 5692
5593 5695
5595 5697
5604 5702
5609 5709
5614 5711
5617 5716
5618 5720
5620 5722
5622 5725
5629 5731
5630 5732
5632 5733
5637 5734
5647 5747
5648 5746
5649 5749
5652 5754
5659 5761
5663 5767
5665 5771
5666 5772
5667 5773
5669 5774
5671 5776
5675 5779
5676 5780
5679 5785
5684 5794
5685 5795
5690 5804
5692 5806
5701 5810
5702 5809
5709 5814
5712 5819
5713 5817
5714 5818
5717 5826
5723 5830
5725 5831
5727 5832
5728 5833
5732 5837
5734 5838
5735 5840
5736 5841
5737 5842
5744 5852
5745 5853
5747 5854
5748 5858
5749 5860
5756 5865
5759 5871
5762 5876
5763 5879
5764 5880
5766 5881
5774 5889
5777 5895
5778 5894
5785 5896
5787 5897
5788 5899
5791 5902
5792 5909
5793 5905
5794 5907
5796 5912
5802 5919
5803 5918
5807 5926
5808 5930
5809 5929
5810 5933
5811 5934
5812 5935
5814 5937
5821 5939
5828 5942
5832 5950
5833 5951
5836 5955
5837 5956
5839 5958
5842 5962
5843 5964
5847 5968
5848 5970
5855 5974
5861 5985
5865 5986
5867 5987
5868 5989
5870 5993
5871 5997
5872 5998
5878 6000
5879 6004
5881 6006
5885 6008
5889 6010
5891 6011
5896 6013
5905 6021
5906 6022
5909 6027
5915 6036
5916 6039
5917 6037
5926 6043
5932 6045
5933 6046
5936 6051
5937 6052
5938 6053
5945 6058
5954 6064
5960 6066
5966 6074
5971 6082
5975 6087
5978 6088
5980 6090
5981 6091
5989 6092
5991 6094
5994 6096
6008 6116
6009 6117
6014 6129
6019 6135
6024 6137
6025 6139
6026 6140
6033 6142
6038 6145
6043 6148
6047 6152
6049 6154
6051 6158
6056 6164
6059 6167
6060 6168
6063 6178
6066 6187
6068 6192
6071 6193
6076 6197
6079 6200
6081 6201
6091 6209
6096 6212
6102 6218
6107 6222
6109 6226
6111 6227
6112 6229
6113 6230
6114 6231
6121 6234
6122 6237
6126 6238
6127 6240
6128 6241
6129 6244
6130 6245
6131 6247
6135 6255
6136 6256
6137 6253
6145 6265
6148 6267
6149 6270
6152 6275
6156 6277
6159 6283
6162 6289
6164 6291
6166 6295
6168 6297
6173 6298
6176 6300
6177 6303
6182 6305
6183 6308
6187 6312
6193 6321
6194 6323
6196 6324
6198 6327
6199 6328
6200 6331
6201 6333
6202 6335
6204 6341
6212 6352
6215 6354
6216 6355
6217 6361
6218 6357
6219 6359
6221 6362
6225 6364
6227 6368
6231 6371
6233 6373
6234 6383
6235 6380
6237 6382
6240 6385
6242 6387
6244 6388
6247 6391
6250 6395
6252 6399
6253 6402
6255 6403
6256 6404
6258 6410
6261 6419
6262 6420
6272 6425
6276 6428
6277 6429
6286 6432
6288 6434
6291 6435
6295 6438
6299 6440
6302 6441
6304 6442
6308 6445
6311 6447
6312 6448
6313 6454
6315 6456
6316 6459
6318 6462
6319 6463
6325 6468
6326 6469
6327 6471
6331 6474
6333 6478
6335 6479
6336 6481
6343 6487
6346 6492
6355 6500
6357 6501
6365 6505
6371 6512
6373 6513
6375 6515
6379 6520
6382 6523
6383 6527
6384 6529
6386 6530
6387 6531
6389 6533
6390 6534
6392 6536
6394 6538
6396 6541
6403 6542
6418 6557
6422 6561
6423 6562
6429 6564
6430 6566
6434 6569
6439 6573
6443 6577
6444 6578
6449 6581
6450 6582
6452 6584
6462 6598
6466 6601
6468 6604
6470 6605
6475 6606
6483 6614
6487 6616
6488 6621
6489 6622
6493 6624
6494 6625
6496 6628
6504 6630
6507 6631
6509 6637
6513 6639
6514 6640
6518 6644
6519 6643
6520 6645
6527 6649
6532 6654
6542 6656
6543 6657
6548 6660
6549 6661
6550 6662
6553 6665
6554 6666
6562 6674
6563 6675
6572 6686
6575 6689
6577 6692
6583 6696
6589 6701
6592 6706
6593 6708
6594 6707
6601 6710
6609 6720
6612 6721
6613 6725
6614 6727
6615 6728
6620 6730
6621 6733
6625 6736
6630 6739
6635 6751
6648 6763
6649 6765
6652 6766
6656 6769
6658 6768
6659 6771
6664 6781
6670 6784
6676 6790
6677 6791
6682 6794
6684 6795
6690 6799
6691 6801
6696 6809
6699 6812
6701 6814
6702 6819
6703 6824
6704 6826
6709 6829
6711 6833
6713 6834
6722 6840
6723 6842
6724 6844
6730 6846
6735 6852
6737 6853
6745 6858
6746 6860
6750 6866
6751 6868
6752 6870
6754 6871
6755 6872
6756 6873
6761 6875
6762 6876
6764 6877
6765 6878
6768 6881
6770 6884
6772 6885
6773 6888
6775 6890
6776 6891
6780 6900
6781 6899
6787 6909
6789 6913
6791 6914
6792 6917
6794 6918
6796 6923
6799 6927
6801 6930
6802 6931
6803 6935
6804 6934
6811 6937
6815 6940
6816 6942
6819 6945
6824 6953
6830 6962
6832 6963
6834 6964
6835 6967
6838 6969
6840 6973
6841 6974
6842 6979
6852 6985
6853 6986
6860 6995
6865 6998
6873 7013
6879 7018
6881 7020
6884 7025
6890 7027
6892 7029
6896 7031
6897 7032
6899 7034
6902 7035
6909 7040
6910 7044
6913 7045
6914 7046
6917 7050
6921 7057
6922 7060
6925 7063
6929 7068
6930 7069
6938 7073
6940 7081
6941 7082
6942 7086
6943 7088
6946 7093
6949 7096
6954 7098
6960 7108
6961 7109
6967 7117
6968 7118
6973 7121
6974 7122
6980 7127
6983 7130
6989 7143
6991 7145
6992 7146
6996 7149
7001 7156
7002 7158
7008 7165
7010 7167
7012 7169
7020 7176
7024 7180
7025 7181
7028 7187
7033 7191
7036 7192
7037 7193
7041 7194
7044 7196
7045 7197
7046 7198
7049 7201
7051 7203
7052 7204
7053 7205
7054 7206
7057 7208
7059 7211
7062 7212
7065 7213
7067 7215
7070 7217
7073 7221
7076 7223
7077 7224
7079 7229
7083 7232
7084 7233
7085 7234
7087 7235
7089 7238
7095 7241
7096 7243
7098 7245
7103 7248
7105 7249
7107 7254
7108 7255
7112 7259
7114 7262
7115 7263
7116 7264
7118 7266
7129 7278
7134 7280
7138 7283
7140 7285
7145 7288
7148 7293
7149 7294
7150 7297
7154 7299
7155 7300
7158 7301
7159 7303
7161 7304
7165 7309
7166 7310
7168 7311
7169 7312
7171 7314
7174 7319
7182 7325
7188 7328
7190 7329
7194 7333
7198 7335
7200 7336
7204 7343
7207 7348
7208 7350
7211 7353
7215 7361
7216 7362
7217 7365
7221 7369
7224 7371
7225 7373
7226 7375
7231 7382
7236 7383
7239 7385
7241 7390
7242 7391
7243 7392
7255 7405
7260 7408
7264 7411
7266 7413
7267 7416
7269 7420
7270 7422
7274 7427
7281 7429
7282 7430
7283 7435
7284 7436
7285 7437
7287 7442
7290 7444
7294 7446
7295 7449
7298 7451
7310 7457
7314 7463
7315 7464
7316 7465
7318 7467
7319 7468
7321 7470
7324 7474
7335 7480
7337 7479
7342 7483
7348 7490
7349 7494
7351 7495
7353 7498
7354 7499
7355 7500
7363 7505
7367 7508
7368 7511
7374 7518
7375 7520
7376 7521
7378 7524
7381 7526
7385 7528
7386 7529
7387 7530
7392 7537
7393 7538
7397 7541
7398 7544
7403 7548
7407 7554
7411 7556
7413 7559
7416 7566
7417 7568
7418 7569
7419 7573
7424 7574
7428 7578
7437 7584
7440 7585
7445 7592
7448 7597
7451 7599
7456 7603
7457 7605
7458 7606
7461 7609
7469 7618
7472 7629
7473 7634
7475 7638
7479 7640
7480 7641
7481 7642
7488 7648
7493 7655
7494 7657
7495 7659
7496 7660
7497 7661
7503 7663
7506 7670
7509 7674
7510 7675
7515 7676
7517 7680
7520 7683
7524 7684
7526 7685
7529 7686
7531 7689
7536 7695
7537 7701
7538 7702
7541 7712
7542 7715
7544 7718
7548 7722
7549 7725
7552 7726
7555 7728
7565 7739
7566 7740
7570 7746
7573 7750
7576 7753
7578 7756
7579 7758
7580 7759
7581 7760
7584 7762
7585 7763
7589 7765
7591 7766
7592 7767
7601 7774
7602 7775
7609 7783
7610 7785
7611 7786
7612 7789
7617 7793
7625 7798
7629 7802
7630 7801
7633 7805
7637 7806
7640 7807
7647 7810
7648 7811
7650 7812
7651 7814
7652 7813
7655 7818
7657 7820
7659 7824
7660 7826
7667 7834
7668 7836
7671 7837
7675 7841
7684 7851
7688 7855
7691 7859
7694 7863
7695 7864
7696 7866
7699 7870
7700 7871
7702 7872
7704 7874
7706 7875
7709 7876
7710 7877
7712 7879
7716 7880
7717 7886
7718 7884
7723 7891
7732 7894
7733 7895
7734 7897
7740 7905
7741 7908
7746 7914
7749 7917
7751 7921
7752 7925
7758 7927
7763 7930
7766 7933
7767 7937
7771 7942
7772 7945
7775 7947
7780 7955
7784 7960
7791 7966
7792 7968
7795 7970
7796 7973
7802 7980
7806 7983
7813 7987
7815 7988
7825 7995
7826 7996
7827 7997
7829 7998
7831 7999
7836 8004
7839 8007
7842 8011
7846 8012
7847 8015
7849 8017
7851 8019
7856 8024
7863 8029
7864 8031
7869 8035
7870 8034
7871 8038
7877 8043
7882 8044
7884 8050
7885 8051
7891 8057
7893 8060
7905 8071
7907 8072
7912 8080
7914 8082
7918 8088
7921 8094
7934 8106
7936 8109
7939 8112
7940 8113
7942 8116
7943 8117
7944 8119
7948 8125
7949 8130
7956 8138
7961 8140
7970 8153
7972 8156
7975 8163
7977 8166
7983 8168
7991 8176
7992 8178
7994 8179
7999 8183
8001 8184
8006 8191
8010 8193
8011 8195
8013 8196
8014 8201
8016 8199
8019 8203
8021 8204
8031 8218
8043 8232
8045 8234
8047 8239
8048 8240
8051 8244
8054 8247
8055 8248
8056 8250
8057 8251
8059 8256
8069 8257
8072 8262
8079 8268
8081 8269
8083 8273
8091 8277
8092 8278
8102 8290
8103 8291
8105 8299
8107 8301
8112 8305
8116 8309
8118 8315
8124 8322
8125 8324
8127 8326
8128 8328
8130 8330
8131 8334
8140 8341
8142 8345
8161 8354
8163 8356
8166 8358
8167 8362
8168 8363
8174 8365
8178 8370
8183 8374
8185 8375
8192 8378
8193 8382
8194 8384
8197 8385
8202 8389
8203 8390
8204 8391
8207 8395
8210 8398
8211 8403
8219 8412
8220 8413
8224 8414
8228 8418
8230 8421
8232 8422
8234 8426
8237 8432
8239 8434
8241 8437
8245 8442
8248 8443
8254 8452
8257 8455
8258 8457
8262 8461
8263 8463
8265 8464
8267 8467
8268 8471
8272 8478
8273 8479
8277 8481
8280 8488
8287 8497
8291 8498
8292 8499
8293 8500
8297 8501
8299 8503
8302 8504
8309 8507
8310 8508
8314 8511
8315 8512
8316 8514
8318 8515
8323 8517
8325 8520
8332 8533
8336 8534
8337 8537
8339 8539
8347 8546
8352 8547
8355 8548
8356 8549
8357 8552
8358 8551
8366 8555
8368 8557
8370 8560
8371 8559
8372 8563
8373 8565
8377 8567
8378 8570
8379 8571
8381 8576
8387 8591
8389 8593
8390 8596
8391 8597
8393 8599
8398 8607
8399 8608
8400 8609
8401 8611
8402 8612
8404 8613
8405 8615
8406 8616
8407 8618
8418 8629
8423 8639
8425 8644
8427 8648
8428 8645
8429 8647
8431 8649
8433 8651
8437 8655
8439 8657
8440 8658
8442 8660
8445 8662
8448 8664
8461 8673
8463 8676
8464 8677
8465 8681
8469 8686
8476 8695
8477 8698
8478 8699
8479 8700
8481 8701
8482 8704
8483 8705
8492 8711
8493 8713
8495 8716
8497 8717
8501 8720
8502 8721
8505 8726
8506 8731
8507 8734
8508 8735
8509 8738
8515 8744
8519 8747
8525 8751
8526 8752
8531 8755
8534 8758
8536 8759
8542 8765
8551 8771
8554 8776
8558 8777
8562 8780
8565 8789
8570 8793
8572 8794
8577 8798
8586 8807
8587 8808
8592 8815
8597 8819
8600 8823
8606 8828
8607 8831
8609 8837
8611 8838
8612 8839
8614 8845
8616 8846
8623 8852
8624 8855
8626 8858
8627 8859
8629 8862
8630 8864
8635 8868
8643 8869
8644 8870
8656 8875
8657 8877
8660 8880
8663 8886
8677 8895
8682 8899
8687 8913
8699 8930
8702 8934
8705 8936
8708 8937
8710 8940
8716 8945
8717 8946
8718 8947
8719 8949
8721 8951
8722 8952
8728 8954
8739 8964
8740 8965
8741 8966
8742 8967
8744 8968
8749 8970
8751 8971
8754 8972
8757 8978
8760 8984
8762 8987
8772 8991
8774 8992
8778 8993
8780 8996
8782 9000
8784 9004
8802 9013
8806 9018
8812 9025
8813 9026
8816 9031
8821 9036
8822 9038
8826 9041
8829 9046
8841 9069
8843 9071
8846 9076
8848 9078
8849 9079
8850 9080
8851 9081
8852 9082
8853 9083
8854 9085
8856 9089
8857 9091
8859 9095
8860 9097
8873 9108
8874 9111
8876 9113
8880 9117
8888 9128
8892 9132
8898 9136
8903 9140
8904 9142
8906 9147
8916 9153
8917 9154
8919 9155
8922 9157
8928 9166
8932 9171
8933 9172
8935 9173
8936 9174
8944 9187
8949 9190
8950 9189
8952 9192
8959 9199
8962 9202
8964 9205
8965 9206
8966 9207
8970 9212
8971 9213
8972 9214
8973 9215
8976 9217
8979 9220
8984 9222
8986 9227
8990 9233
8993 9235
8995 9236
9003 9238
9005 9239
9006 9240
9008 9243
9010 9246
9011 9249
9014 9252
9019 9258
9027 9265
9030 9268
9031 9269
9040 9271
9041 9273
9042 9277
9050 9285
9051 9286
9053 9288
9054 9287
9055 9289
9056 9290
9062 9296
9063 9300
9067 9304
9073 9309
9076 9314
9079 9316
9080 9317
9082 9318
9084 9321
